SIZE 25
PUZZLE
3 23 0 16 0 0 0 18 0 0 0 6 0 0 0 0 0 0 0 1 0 15 0 0 0
6 0 24 0 19 12 15 13 0 0 0 0 0 25 0 0 0 0 0 0 0 0 3 23 8
20 0 0 0 0 8 0 3 0 23 2 0 0 0 0 12 0 15 0 21 22 19 6 0 0
0 0 0 0 14 24 0 0 0 7 21 0 15 0 0 0 0 0 3 0 0 0 20 1 0
0 0 0 0 0 0 0 0 25 1 0 3 4 0 8 0 0 19 0 0 0 14 0 2 10
0 0 2 18 0 0 22 0 0 0 15 0 0 0 0 0 3 16 0 0 0 25 0 0 0
0 19 0 0 0 0 9 0 0 0 5 8 0 20 0 2 0 0 0 14 0 0 0 4 0
0 0 0 0 0 0 11 24 0 0 0 0 0 0 0 0 0 0 0 5 0 0 0 0 21
0 0 0 13 0 1 25 0 20 0 4 0 0 0 0 0 6 22 0 0 18 0 0 0 2
8 5 0 0 25 23 0 10 0 4 14 24 0 0 2 0 0 9 17 15 6 22 0 19 7
0 0 25 23 0 0 0 14 0 0 0 0 0 0 0 0 0 0 0 13 0 12 0 6 22
0 18 11 0 0 0 12 0 0 6 13 0 0 0 0 0 0 10 0 0 23 8 0 0 25
5 0 0 0 0 25 0 0 0 0 0 0 0 0 16 0 0 0 0 6 0 0 19 18 0
0 0 0 0 0 11 24 0 7 18 0 0 12 21 0 0 0 0 0 20 0 17 0 13 0
0 0 0 0 0 0 17 0 0 0 0 0 0 0 0 0 0 24 0 0 2 10 14 3 16
0 24 0 0 0 0 0 9 0 0 17 0 0 0 0 3 0 0 0 10 0 0 0 0 0
0 12 0 0 0 13 0 0 5 17 8 0 0 4 0 0 0 7 0 0 0 0 0 0 0
0 0 0 14 0 0 0 22 19 24 0 0 0 15 0 0 4 23 0 0 5 0 25 17 0
0 8 0 0 23 0 0 0 0 0 0 0 7 0 18 0 0 1 0 17 0 21 0 12 0
25 0 0 5 1 20 23 0 0 0 0 11 0 0 0 6 0 0 0 0 0 7 22 24 0
2 0 4 0 0 14 0 0 0 11 22 21 6 0 0 5 0 0 0 25 17 13 0 0 0
0 0 0 0 20 0 0 0 10 0 0 7 18 24 14 0 17 0 1 0 12 0 0 22 19
0 9 15 0 0 5 0 0 0 0 0 2 0 0 0 0 12 6 0 0 0 0 0 0 14
0 22 0 0 0 15 0 0 17 0 0 0 0 8 5 0 24 0 7 11 0 3 2 16 4
7 0 14 0 18 0 0 0 12 22 9 0 0 17 0 0 0 3 2 16 0 0 23 25 0
SOLUTION
3 23 8 16 4 10 14 18 11 2 7 6 19 22 24 17 25 5 20 1 9 15 13 21 12
6 7 24 22 19 12 15 13 9 21 1 20 5 25 17 10 11 14 18 2 16 4 3 23 8
20 1 17 25 5 8 4 3 16 23 2 18 14 11 10 12 9 15 13 21 22 19 6 7 24
18 2 10 11 14 24 19 6 22 7 21 13 15 9 12 8 16 4 3 23 25 5 20 1 17
13 21 12 9 15 17 5 20 25 1 23 3 4 16 8 24 22 19 6 7 11 14 18 2 10
24 14 2 18 11 7 22 12 6 19 15 17 9 13 21 23 3 16 10 4 20 25 8 5 1
12 19 7 6 22 21 9 17 13 15 5 8 25 20 1 2 18 11 24 14 3 16 10 4 23
10 4 23 3 16 2 11 24 18 14 19 12 22 6 7 1 20 25 8 5 13 9 17 15 21
17 15 21 13 9 1 25 8 20 5 4 10 16 3 23 7 6 22 12 19 18 11 24 14 2
8 5 1 20 25 23 16 10 3 4 14 24 11 18 2 21 13 9 17 15 6 22 12 19 7
4 20 25 23 8 16 10 14 2 3 18 19 24 7 11 9 1 17 5 13 21 12 15 6 22
19 18 11 7 24 22 12 15 21 6 13 5 17 1 9 16 2 10 14 3 23 8 4 20 25
5 13 9 1 17 25 8 4 23 20 3 14 10 2 16 22 21 12 15 6 7 24 19 18 11
14 3 16 2 10 11 24 19 7 18 6 15 12 21 22 25 23 8 4 20 1 17 5 13 9
15 6 22 21 12 9 17 5 1 13 20 4 8 23 25 11 7 24 19 18 2 10 14 3 16
22 24 18 19 7 6 21 9 15 12 17 25 1 5 13 3 14 2 11 10 4 23 16 8 20
9 12 6 15 21 13 1 25 5 17 8 16 23 4 20 18 19 7 22 24 14 2 11 10 3
11 10 3 14 2 18 7 22 19 24 12 9 21 15 6 20 4 23 16 8 5 1 25 17 13
16 8 20 4 23 3 2 11 14 10 24 22 7 19 18 13 5 1 25 17 15 21 9 12 6
25 17 13 5 1 20 23 16 4 8 10 11 2 14 3 6 15 21 9 12 19 7 22 24 18
2 16 4 10 3 14 18 7 24 11 22 21 6 12 19 5 8 20 23 25 17 13 1 9 15
23 25 5 8 20 4 3 2 10 16 11 7 18 24 14 15 17 13 1 9 12 6 21 22 19
1 9 15 17 13 5 20 23 8 25 16 2 3 10 4 19 12 6 21 22 24 18 7 11 14
21 22 19 12 6 15 13 1 17 9 25 23 20 8 5 14 24 18 7 11 10 3 2 16 4
7 11 14 24 18 19 6 21 12 22 9 1 13 17 15 4 10 3 2 16 8 20 23 25 5
