SIZE 16
PUZZLE
0 0 0 0 0 0 0 0 13 0 0 0 14 0 16 0
5 0 11 0 0 0 0 15 0 0 0 0 8 0 0 0
0 0 0 1 10 0 0 12 15 7 0 16 0 0 0 0
0 0 0 0 0 8 1 0 5 0 11 0 0 0 10 6
9 0 0 3 8 15 0 7 0 0 0 0 0 0 0 0
6 0 0 10 0 0 0 0 0 0 13 0 15 7 8 0
0 8 15 0 0 13 2 0 0 0 0 0 12 6 0 0
0 0 0 0 11 12 10 6 0 0 0 0 0 0 14 3
0 0 2 0 0 0 0 11 8 13 0 0 0 14 7 15
0 9 0 0 0 3 0 0 4 0 0 6 0 0 0 0
8 0 16 13 6 2 0 4 0 0 0 7 0 0 9 5
14 0 0 15 0 0 0 8 0 0 10 0 0 0 6 12
3 0 9 0 13 0 8 16 0 0 0 0 0 0 12 0
0 0 6 11 0 9 14 3 0 4 0 0 7 0 0 0
0 12 0 4 0 0 11 0 0 0 0 0 0 0 0 14
0 13 0 0 12 0 0 0 0 14 0 15 6 0 0 0
SOLUTION
12 10 4 6 3 11 9 5 13 1 8 2 14 15 16 7
5 3 11 9 16 14 7 15 12 6 4 10 8 13 2 1
13 2 8 1 10 4 6 12 15 7 14 16 11 5 3 9
15 16 14 7 2 8 1 13 5 9 11 3 4 12 10 6
9 14 5 3 8 15 16 7 6 10 12 11 13 1 4 2
6 11 12 10 14 5 3 9 1 2 13 4 15 7 8 16
7 8 15 16 4 13 2 1 9 3 5 14 12 6 11 10
1 4 13 2 11 12 10 6 7 16 15 8 5 9 14 3
4 6 2 12 9 10 5 11 8 13 16 1 3 14 7 15
11 9 10 5 7 3 15 14 4 12 2 6 16 8 1 13
8 1 16 13 6 2 12 4 14 15 3 7 10 11 9 5
14 7 3 15 1 16 13 8 11 5 10 9 2 4 6 12
3 15 9 14 13 7 8 16 10 11 6 5 1 2 12 4
10 5 6 11 15 9 14 3 2 4 1 12 7 16 13 8
2 12 1 4 5 6 11 10 16 8 7 13 9 3 15 14
16 13 7 8 12 1 4 2 3 14 9 15 6 10 5 11
