SIZE 25
SOLVE_TIME_SEC 0.0660
METHOD SAT
STATUS SOLVED
SOLUTION
5 2 23 12 3 9 18 16 13 24 11 14 10 25 19 21 15 17 7 6 22 20 1 4 8
22 13 6 10 16 8 11 3 17 7 23 15 21 1 9 20 12 24 14 4 19 25 5 18 2
17 8 19 24 14 2 21 20 22 5 12 18 6 4 13 9 25 1 11 16 23 15 10 7 3
11 18 21 7 1 15 19 25 6 4 17 2 20 22 8 23 3 13 10 5 24 14 16 9 12
9 15 20 4 25 14 23 12 1 10 3 16 7 5 24 8 19 18 22 2 6 21 17 11 13
4 7 14 17 23 3 15 21 16 19 20 24 12 11 1 25 6 22 9 18 13 10 8 2 5
20 21 12 22 2 11 25 8 14 1 16 10 17 7 4 19 13 5 15 24 18 6 3 23 9
6 16 24 15 19 23 10 17 18 2 22 13 5 9 25 11 21 4 8 3 20 7 12 1 14
1 9 8 13 11 20 24 4 5 22 18 19 23 6 3 7 2 14 12 10 25 17 21 16 15
18 10 3 25 5 13 12 6 7 9 14 21 8 2 15 1 16 20 17 23 11 4 24 19 22
23 12 13 14 22 21 20 15 24 17 19 9 25 16 11 18 4 2 3 1 8 5 6 10 7
7 25 15 8 18 19 22 13 12 16 21 20 24 23 5 10 14 9 6 17 4 2 11 3 1
19 20 11 21 24 1 2 10 23 18 7 3 4 14 6 5 8 25 16 22 9 13 15 12 17
16 1 10 9 17 25 4 5 3 6 2 8 13 12 22 24 7 11 23 15 14 19 20 21 18
3 4 5 2 6 7 9 11 8 14 15 1 18 10 17 12 20 21 19 13 16 24 25 22 23
21 17 22 23 15 12 14 9 19 20 8 25 16 18 10 13 24 7 5 11 3 1 2 6 4
14 11 25 19 20 16 13 18 21 15 24 17 22 3 23 4 1 6 2 12 5 9 7 8 10
10 24 18 16 4 17 6 22 25 23 1 5 2 19 7 3 9 15 21 8 12 11 13 14 20
13 6 9 1 7 5 3 24 2 8 4 12 11 21 14 22 23 10 25 20 15 16 18 17 19
12 5 2 3 8 4 7 1 10 11 9 6 15 13 20 14 17 16 18 19 21 23 22 25 24
8 22 7 20 21 24 16 14 11 13 25 23 19 17 18 15 10 12 1 9 2 3 4 5 6
24 19 16 6 12 18 17 23 15 25 10 22 1 20 21 2 5 3 4 14 7 8 9 13 11
25 23 17 18 9 22 1 19 20 21 5 4 3 24 2 6 11 8 13 7 10 12 14 15 16
15 14 1 11 13 10 5 2 4 3 6 7 9 8 12 16 22 23 24 25 17 18 19 20 21
2 3 4 5 10 6 8 7 9 12 13 11 14 15 16 17 18 19 20 21 1 22 23 24 25
