SIZE 16
SOLVE_TIME_SEC 0.008536
METHOD Optimized_Backtracking
STATUS SOLVED
SOLUTION
3 5 12 8 7 13 14 16 11 4 6 1 15 2 10 9
10 4 14 15 2 8 3 9 5 12 7 13 1 16 6 11
6 7 1 11 12 10 5 15 14 2 9 16 4 3 13 8
13 9 16 2 4 1 11 6 8 3 15 10 7 5 12 14
7 10 2 12 3 9 16 13 15 1 4 8 11 14 5 6
1 8 9 3 14 4 6 11 2 16 10 5 13 12 15 7
16 14 5 4 10 15 1 7 12 6 13 11 2 8 9 3
11 13 15 6 8 5 12 2 9 7 3 14 16 1 4 10
15 1 4 5 11 6 2 14 7 10 12 9 3 13 8 16
2 16 10 9 5 12 7 1 13 8 11 3 6 4 14 15
8 6 13 7 15 3 9 4 16 14 5 2 10 11 1 12
12 3 11 14 13 16 8 10 4 15 1 6 5 9 7 2
4 15 3 1 9 2 10 8 6 5 16 12 14 7 11 13
5 2 7 13 6 14 15 12 3 11 8 4 9 10 16 1
14 12 6 10 16 11 13 5 1 9 2 7 8 15 3 4
9 11 8 16 1 7 4 3 10 13 14 15 12 6 2 5
