SIZE 16
SOLVE_TIME_SEC 0.0060
METHOD SAT
STATUS SOLVED
SOLUTION
4 6 10 12 7 11 5 9 13 2 3 8 14 15 16 1
5 14 11 9 2 16 3 15 12 10 6 1 8 4 13 7
13 2 8 1 10 14 6 12 15 7 4 16 11 5 3 9
15 7 3 16 4 8 1 13 5 9 11 14 2 12 10 6
9 11 12 3 8 15 4 7 16 6 14 10 5 1 2 13
6 4 14 10 3 5 16 1 9 12 13 2 15 7 8 11
16 8 15 7 9 13 2 14 11 3 1 5 12 6 4 10
1 5 13 2 11 12 10 6 7 15 8 4 16 9 14 3
12 10 2 6 16 1 9 11 8 13 5 3 4 14 7 15
11 9 7 5 14 3 15 10 4 16 12 6 13 8 1 2
8 3 16 13 6 2 12 4 14 1 15 7 10 11 9 5
14 1 4 15 5 7 13 8 2 11 10 9 3 16 6 12
3 15 9 14 13 10 8 16 6 5 7 11 1 2 12 4
10 16 6 11 15 9 14 3 1 4 2 12 7 13 5 8
7 12 5 4 1 6 11 2 10 8 16 13 9 3 15 14
2 13 1 8 12 4 7 5 3 14 9 15 6 10 11 16
210182530363945475666787991961001111121251321381421531611651701711781851891942042092142212292342382492522592632702712802872932963063103213273343393483583623713733813883893964074104224284304374434494534594704764824854945015025085165235295395445505565585635645695745795855915955986046116156246286366406456506576606666676766796846856936977037087117217277317427497537597627687767817827897978028108148158218318388438488548598638708748838909029109159219349369409489519579609649769859931001