SIZE 16
SOLVE_TIME_SEC 0.014396
METHOD Optimized_Backtracking
STATUS SOLVED
SOLUTION
1 7 8 6 2 16 5 9 3 10 13 12 4 14 15 11
12 5 16 15 4 6 3 11 2 7 14 1 9 8 13 10
14 3 9 4 7 13 10 15 8 16 11 5 2 1 12 6
11 2 10 13 1 8 12 14 4 6 9 15 3 7 5 16
5 15 4 10 9 2 14 3 13 11 12 6 1 16 8 7
13 6 1 16 8 10 7 4 9 14 5 3 12 2 11 15
2 12 7 9 16 1 11 6 10 4 15 8 13 5 3 14
3 11 14 8 15 5 13 12 7 1 2 16 6 9 10 4
9 14 6 3 13 7 4 2 1 8 10 11 5 15 16 12
16 10 15 1 3 14 8 5 12 2 7 13 11 6 4 9
4 8 11 2 6 12 15 10 16 5 3 9 14 13 7 1
7 13 5 12 11 9 1 16 14 15 6 4 10 3 2 8
6 16 3 7 14 4 2 1 11 13 8 10 15 12 9 5
8 9 12 11 10 15 6 7 5 3 1 2 16 4 14 13
10 1 13 5 12 3 16 8 15 9 4 14 7 11 6 2
15 4 2 14 5 11 9 13 6 12 16 7 8 10 1 3
