SIZE 25
SOLVE_TIME_SEC 0.317211
METHOD Optimized_Backtracking
STATUS SOLVED
SOLUTION
1 10 11 7 12 13 3 15 17 5 8 14 2 18 19 20 16 21 6 22 23 24 9 25 4
4 15 16 9 20 12 2 21 22 23 1 13 5 24 25 8 7 10 3 11 14 18 17 19 6
14 19 21 13 22 7 8 18 20 6 4 9 3 16 17 25 15 23 5 24 10 11 1 12 2
5 8 25 2 24 19 9 11 10 14 6 21 20 22 23 1 12 17 4 18 13 15 3 16 7
17 18 23 6 3 16 4 24 25 1 15 10 7 11 12 13 9 14 2 19 20 21 8 22 5
6 17 22 25 13 11 1 10 2 18 7 5 15 9 4 12 21 3 16 23 8 14 20 24 19
2 1 10 19 16 15 7 23 3 20 14 24 25 21 11 6 18 4 8 13 12 5 22 9 17
9 20 4 18 14 17 13 12 6 21 19 22 8 2 3 10 24 5 7 15 16 23 25 11 1
7 23 5 12 21 4 14 8 24 19 13 1 17 10 16 11 22 20 9 25 6 2 15 18 3
8 24 3 11 15 25 5 9 16 22 20 12 6 23 18 14 19 2 1 17 4 7 13 21 10
11 6 12 16 2 5 15 17 13 25 3 20 14 8 24 21 1 18 10 7 9 22 19 4 23
15 13 14 24 19 8 12 20 21 3 11 4 9 5 10 23 25 22 17 6 18 1 2 7 16
20 9 1 23 5 14 6 22 18 2 12 7 13 19 21 16 3 11 15 4 24 25 10 17 8
25 22 8 21 7 1 10 4 23 24 18 17 16 15 2 19 5 13 14 9 11 20 6 3 12
3 4 18 17 10 9 11 16 19 7 25 23 1 6 22 24 8 12 20 2 5 13 21 14 15
16 11 19 22 4 20 18 2 7 10 23 3 24 25 1 9 6 15 13 12 17 8 14 5 21
18 21 6 5 8 22 17 3 14 12 9 11 19 20 15 2 4 24 23 16 25 10 7 1 13
24 2 20 3 17 23 25 5 15 13 16 8 18 12 14 7 10 1 11 21 22 19 4 6 9
10 25 7 1 23 24 16 6 9 4 22 2 21 17 13 5 14 8 19 20 3 12 18 15 11
13 12 15 14 9 21 19 1 11 8 5 6 10 4 7 22 17 25 18 3 2 16 24 23 20
21 5 24 10 25 3 20 13 12 15 2 16 4 7 6 18 11 9 22 1 19 17 23 8 14
23 3 17 15 18 6 22 14 5 16 21 19 11 13 8 4 20 7 25 10 1 9 12 2 24
22 14 9 8 11 10 21 19 1 17 24 25 23 3 20 15 2 6 12 5 7 4 16 13 18
19 7 2 20 1 18 23 25 4 9 17 15 12 14 5 3 13 16 24 8 21 6 11 10 22
12 16 13 4 6 2 24 7 8 11 10 18 22 1 9 17 23 19 21 14 15 3 5 20 25
