SIZE 25
SOLVE_TIME_SEC 0.290401
METHOD Optimized_Backtracking
STATUS SOLVED
SOLUTION
10 11 8 12 5 2 13 14 1 15 16 4 17 18 3 20 21 9 24 25 19 7 22 6 23
13 14 4 15 3 6 19 22 9 23 8 1 10 11 2 7 16 5 17 18 20 21 24 12 25
19 24 17 25 18 3 4 16 20 21 9 7 22 23 12 1 10 6 11 15 8 2 13 5 14
16 20 6 21 9 5 7 12 18 17 14 15 24 25 13 2 19 8 22 23 4 3 10 1 11
7 22 1 23 2 8 10 11 24 25 5 6 20 21 19 3 12 4 13 14 16 15 17 9 18
17 1 11 3 10 4 8 7 2 14 15 5 6 16 20 25 23 22 9 24 21 19 12 18 13
12 13 20 19 23 11 21 18 10 16 22 14 8 17 25 4 5 7 15 3 24 1 9 2 6
15 25 22 14 7 17 24 19 5 9 11 12 13 2 21 6 1 10 18 16 3 4 20 23 8
6 8 9 24 21 20 25 15 23 22 4 3 18 7 1 14 2 13 12 19 17 5 11 10 16
2 16 5 18 4 12 1 13 6 3 23 19 9 10 24 8 17 11 20 21 7 22 25 14 15
23 10 21 1 15 22 9 8 4 19 3 20 2 6 7 5 14 12 25 13 11 17 18 16 24
25 4 14 8 24 16 2 10 15 18 21 23 12 22 11 17 20 19 1 9 13 6 5 3 7
9 18 2 13 6 23 5 1 11 20 25 17 19 14 16 21 7 24 3 10 22 8 4 15 12
20 7 19 16 11 24 6 17 3 12 10 13 15 9 5 22 4 18 23 8 25 14 2 21 1
22 17 3 5 12 25 14 21 7 13 18 8 1 24 4 16 11 15 2 6 10 20 23 19 9
21 9 18 11 20 7 3 23 16 2 12 24 14 5 15 10 25 17 19 22 6 13 1 8 4
14 12 25 6 19 21 15 24 17 4 13 16 23 8 10 9 3 1 5 20 18 11 7 22 2
24 2 7 10 8 13 11 25 12 5 1 22 3 19 6 18 15 14 16 4 23 9 21 20 17
1 3 16 4 13 14 22 9 8 6 2 18 21 20 17 12 24 23 7 11 5 10 15 25 19
5 23 15 17 22 10 18 20 19 1 7 11 25 4 9 13 6 21 8 2 14 12 16 24 3
8 19 24 22 25 9 17 4 14 7 6 21 5 12 18 15 13 16 10 1 2 23 3 11 20
11 15 23 20 17 1 12 5 21 8 24 25 4 3 22 19 18 2 6 7 9 16 14 13 10
18 21 12 9 14 15 20 3 22 10 19 2 16 13 23 11 8 25 4 17 1 24 6 7 5
4 5 10 2 16 18 23 6 13 11 20 9 7 1 8 24 22 3 14 12 15 25 19 17 21
3 6 13 7 1 19 16 2 25 24 17 10 11 15 14 23 9 20 21 5 12 18 8 4 22
