SIZE 25
SOLVE_TIME_SEC 4.568167
METHOD Optimized_Backtracking
STATUS SOLVED
SOLUTION
10 2 11 12 6 1 13 4 14 16 18 9 21 3 22 23 24 17 25 8 7 15 19 5 20
9 5 13 15 1 6 17 3 19 20 14 23 24 12 25 7 10 4 11 2 8 16 21 18 22
17 23 24 25 14 8 18 9 21 22 5 7 15 4 19 6 13 16 20 3 2 10 11 1 12
16 4 20 22 7 15 10 2 11 12 6 8 13 1 17 18 19 14 21 5 3 23 24 9 25
8 18 19 21 3 7 23 5 24 25 2 16 10 11 20 12 15 1 22 9 6 13 14 4 17
21 7 14 24 12 17 2 1 3 23 8 25 5 13 18 20 11 22 19 16 4 9 6 10 15
15 10 4 3 16 18 7 8 9 14 22 19 11 6 12 21 1 5 2 17 24 25 20 23 13
25 11 17 13 19 21 22 10 4 24 20 15 23 9 16 8 7 6 14 12 5 1 18 2 3
5 9 6 18 2 20 11 16 12 13 24 17 1 7 3 15 4 25 23 10 14 21 8 22 19
20 1 22 23 8 19 5 6 25 15 4 21 2 10 14 13 9 3 24 18 11 12 17 16 7
11 12 1 19 21 22 3 14 5 9 17 13 6 23 15 24 16 2 8 7 18 20 10 25 4
7 15 25 8 18 23 1 13 2 10 16 20 4 5 24 19 14 21 12 22 17 6 9 3 11
6 13 2 9 24 16 4 7 17 19 25 10 22 14 11 5 20 18 3 1 15 8 23 12 21
23 16 5 20 22 25 6 12 18 11 9 3 7 8 21 10 17 13 4 15 19 2 1 24 14
4 3 10 14 17 24 8 15 20 21 19 1 12 18 2 25 23 9 6 11 16 22 13 7 5
22 17 15 1 25 11 12 19 10 2 21 18 14 20 23 9 8 7 5 24 13 4 3 6 16
12 24 9 5 20 13 14 18 15 6 11 4 17 25 7 22 3 10 16 21 23 19 2 8 1
18 14 23 2 4 3 21 24 16 7 13 22 8 19 10 1 12 11 17 6 20 5 25 15 9
19 21 16 6 10 5 25 17 22 8 3 24 9 15 1 4 2 23 13 20 12 11 7 14 18
13 8 3 7 11 4 9 20 23 1 12 6 16 2 5 14 25 15 18 19 21 24 22 17 10
1 22 18 16 13 9 19 11 6 3 15 14 20 17 8 2 5 12 10 23 25 7 4 21 24
24 25 21 11 15 12 20 23 1 4 7 2 18 16 6 17 22 19 9 14 10 3 5 13 8
14 19 8 17 9 2 16 21 7 5 10 12 25 24 4 3 6 20 1 13 22 18 15 11 23
2 20 12 4 23 10 15 22 8 17 1 5 3 21 13 11 18 24 7 25 9 14 16 19 6
3 6 7 10 5 14 24 25 13 18 23 11 19 22 9 16 21 8 15 4 1 17 12 20 2
