SIZE 16
SOLVE_TIME_SEC 0.0118
METHOD SAT
STATUS SOLVED
SOLUTION
16 11 6 1 4 15 2 5 8 7 14 9 12 3 10 13
7 2 12 15 6 9 16 13 10 5 4 3 14 1 8 11
8 13 3 9 12 7 10 14 16 11 6 1 4 15 2 5
14 5 10 4 11 1 8 3 15 13 12 2 6 9 16 7
6 9 16 11 2 13 12 15 14 1 8 7 10 5 4 3
12 7 14 13 16 3 9 10 4 15 2 5 8 11 6 1
1 3 8 10 14 5 4 7 6 9 16 11 2 13 12 15
4 15 2 5 8 11 6 1 12 3 10 13 16 7 14 9
11 16 5 6 15 12 14 9 3 8 13 10 7 4 1 2
15 12 9 7 10 16 13 11 2 4 1 14 3 8 5 6
10 8 13 2 3 4 1 6 7 16 5 15 11 12 9 14
3 4 1 14 7 8 5 2 11 12 9 6 15 16 13 10
13 14 15 16 9 10 11 12 5 6 7 8 1 2 3 4
9 10 11 12 13 14 15 16 1 2 3 4 5 6 7 8
5 6 7 8 1 2 3 4 13 14 15 16 9 10 11 12
2 1 4 3 5 6 7 8 9 10 11 12 13 14 15 16
47152627384352606274778795981091151201271331401521601631741781861922022112152192282352442532552672752782862993063093193283353403513543643703803823934004074134204324414474564594684754824915005075115195285385485495585685785865886006096126226246336426466606626746826876967057097157267357397467587637697767847988048108188298368408468608648738838928979019099179269349469549609689779819909961006101410201030103910451056106410701082109511091122112911431156117011781192120612201227124112551269128612991313132613401354136713811382139614101424143814521466148014901503151715291537155115641577159916131627164016481662167616891694170617211733174717611774178718031817183118441858187218861899