SIZE 25
SOLVE_TIME_SEC 0.0653
METHOD SAT
STATUS SOLVED
SOLUTION
6 22 15 21 5 14 24 25 1 13 8 16 12 11 3 20 18 10 19 9 23 7 2 17 4
19 11 8 2 13 6 10 7 9 3 20 23 4 17 15 12 24 22 16 5 14 21 18 25 1
9 12 17 25 23 20 4 8 5 16 24 7 1 21 18 11 14 15 6 2 19 13 10 22 3
1 16 20 10 4 19 15 17 18 2 14 9 25 22 13 23 7 8 21 3 24 5 6 12 11
14 7 24 18 3 23 22 12 11 21 10 5 2 6 19 13 4 25 17 1 8 15 20 9 16
18 13 16 8 10 22 20 21 24 17 23 19 15 4 1 25 9 6 14 7 12 3 5 11 2
2 5 14 15 21 11 13 3 25 18 16 20 22 10 17 24 19 4 12 8 9 1 23 6 7
20 23 22 3 24 9 14 16 19 7 18 12 21 25 6 2 11 1 5 17 4 8 15 10 13
12 6 25 11 19 15 1 5 23 4 7 14 8 9 2 3 20 13 22 10 18 24 21 16 17
7 17 9 4 1 10 12 2 6 8 11 3 13 5 24 16 15 21 23 18 25 20 22 14 19
3 18 19 1 15 17 21 11 14 10 22 25 7 12 16 5 13 24 2 6 20 9 4 23 8
11 25 5 13 17 16 18 19 15 20 21 24 23 14 8 9 1 12 4 22 3 6 7 2 10
21 8 2 22 16 25 23 24 4 12 9 17 6 3 5 7 10 20 15 19 13 14 11 1 18
24 14 4 9 12 13 7 6 3 5 2 1 19 20 10 8 25 18 11 23 15 17 16 21 22
10 20 6 23 7 8 9 22 2 1 15 18 11 13 4 14 17 16 3 21 5 25 12 19 24
17 24 18 19 20 12 6 23 22 9 25 11 16 8 21 10 3 14 7 13 2 4 1 15 5
25 10 23 12 22 21 17 13 16 14 3 4 24 18 20 19 2 5 1 15 6 11 8 7 9
5 15 7 16 2 18 25 4 20 24 19 22 17 1 23 21 6 9 8 11 10 12 13 3 14
13 3 21 14 9 2 11 1 8 15 5 6 10 7 12 4 22 23 25 24 16 19 17 18 20
4 1 11 6 8 3 5 10 7 19 13 15 14 2 9 18 16 17 20 12 21 22 25 24 23
8 9 13 20 25 24 16 14 12 22 17 21 18 19 7 15 23 11 10 4 1 2 3 5 6
23 21 3 24 11 1 19 18 17 25 4 10 20 15 22 6 5 2 13 14 7 16 9 8 12
22 19 12 17 18 4 3 20 21 23 6 2 5 24 25 1 8 7 9 16 11 10 14 13 15
16 4 10 7 14 5 2 15 13 6 1 8 9 23 11 22 12 3 24 25 17 18 19 20 21
15 2 1 5 6 7 8 9 10 11 12 13 3 16 14 17 21 19 18 20 22 23 24 4 25
