SIZE 36
SOLVE_TIME_SEC 0.5381
METHOD SAT
STATUS SOLVED
SOLUTION
1 33 29 34 30 15 36 35 26 5 14 16 23 27 24 32 17 25 20 18 3 7 8 22 19 9 6 11 13 2 21 10 12 4 28 31
26 36 24 13 6 18 34 2 32 31 27 19 29 30 35 10 28 4 15 17 9 12 14 5 23 20 8 21 33 22 25 16 11 7 1 3
17 12 11 25 14 20 30 21 29 23 15 7 33 36 3 6 8 1 34 28 26 13 31 32 27 16 18 10 4 35 22 24 19 9 5 2
35 7 19 21 32 23 10 28 33 24 9 11 31 20 22 15 16 5 36 30 25 4 6 2 3 26 29 1 12 14 27 13 18 17 8 34
28 27 16 31 3 22 6 25 12 20 4 8 18 34 19 13 2 9 23 1 10 33 21 11 36 17 32 24 5 7 30 14 29 26 15 35
9 8 5 10 4 2 18 22 13 1 17 3 14 11 26 7 21 12 24 29 27 35 16 19 28 31 30 25 34 15 36 23 32 33 20 6
7 22 21 35 16 17 27 36 34 15 30 18 20 19 29 26 10 32 33 23 31 25 4 28 2 13 12 9 24 3 8 11 5 6 14 1
20 30 28 26 31 19 35 8 17 25 16 21 22 18 36 33 24 23 11 34 12 27 32 6 29 10 4 14 1 5 7 15 3 13 2 9
36 34 27 14 24 33 29 31 23 4 32 22 35 12 9 28 11 15 26 3 5 2 1 13 6 21 7 8 25 16 10 30 17 19 18 20
23 11 25 5 13 29 12 33 14 28 2 20 30 31 34 1 6 3 35 9 36 10 7 8 18 22 19 32 15 17 16 4 24 21 26 27
12 6 32 15 10 3 5 19 24 26 1 9 13 7 8 2 4 21 16 14 18 30 17 20 34 36 35 33 11 27 29 22 31 25 23 28
8 4 18 9 2 1 13 11 3 6 7 10 17 25 5 16 27 14 22 24 29 15 19 21 30 23 31 28 26 20 35 34 36 32 33 12
13 35 30 20 15 26 23 17 36 33 18 24 19 29 31 21 22 27 28 25 8 32 10 34 16 12 3 7 14 11 9 2 6 1 4 5
29 16 36 28 21 32 19 14 22 30 20 26 34 9 25 23 18 24 17 27 2 31 33 12 35 1 13 5 6 4 3 7 8 11 10 15
18 17 23 33 22 24 25 29 31 34 21 27 11 35 15 30 32 28 3 4 1 6 5 7 8 2 10 20 9 26 12 36 16 14 19 13
34 25 31 27 9 7 8 12 35 10 6 28 36 4 1 3 5 2 29 13 30 16 11 14 15 19 23 18 32 33 20 17 22 24 21 26
5 10 12 11 19 14 4 16 1 32 3 2 7 6 20 8 26 13 9 35 24 36 15 18 21 34 22 31 17 30 23 28 25 29 27 33
6 3 8 2 1 4 9 13 5 7 11 15 12 17 10 14 33 16 21 19 20 23 22 26 25 27 24 29 36 28 34 35 30 31 32 18
19 20 34 36 33 35 17 18 15 16 24 25 27 28 23 31 14 29 30 26 32 9 12 4 22 6 11 13 10 21 5 1 2 3 7 8
16 23 15 18 17 25 22 20 19 21 36 33 24 32 30 35 34 26 27 6 28 29 13 31 5 7 2 3 8 1 4 9 10 12 11 14
24 26 14 29 27 31 32 23 28 35 34 30 10 5 21 12 36 33 1 11 7 8 2 3 9 4 17 19 20 25 15 6 13 18 22 16
30 28 1 32 11 10 26 3 27 9 29 31 2 8 7 4 13 6 5 33 35 22 34 36 12 14 15 16 18 24 17 19 23 20 25 21
22 13 6 3 12 21 7 5 11 2 8 4 9 1 18 25 19 20 10 16 17 14 24 15 33 29 36 35 23 34 26 27 28 30 31 32
4 5 2 8 7 9 1 10 6 12 13 14 16 15 11 22 3 17 18 20 21 19 23 25 26 28 27 30 31 32 33 29 35 36 34 24
25 18 22 19 36 27 20 15 16 17 33 34 21 23 14 24 29 30 12 32 11 26 9 10 13 35 5 6 7 8 28 31 1 2 3 4
14 15 17 16 20 30 21 26 18 22 23 29 28 33 32 34 35 36 13 31 19 24 25 27 11 3 1 4 2 12 6 5 7 8 9 10
32 29 9 24 34 11 28 30 7 36 31 35 26 13 27 5 25 8 4 2 6 1 3 33 10 18 20 22 21 23 14 12 15 16 17 19
33 31 7 1 26 13 24 9 2 27 25 32 6 3 4 11 12 10 8 5 34 28 36 35 14 15 16 17 30 19 18 21 20 23 29 22
10 21 35 23 28 12 3 6 4 8 19 5 1 22 2 20 7 31 14 15 16 18 30 17 32 33 34 36 29 9 24 25 26 27 13 11
3 2 4 6 8 5 14 1 10 11 12 13 15 16 17 18 9 19 7 21 22 20 29 23 24 25 26 27 28 31 32 33 34 35 36 30
31 14 26 17 35 36 33 24 20 18 22 23 25 21 28 29 30 34 32 10 15 11 27 16 1 8 9 12 19 13 2 3 4 5 6 7
15 24 33 22 23 34 16 32 21 19 35 36 4 26 13 27 20 11 31 7 14 5 18 29 17 30 28 2 3 6 1 8 9 10 12 25
27 9 20 12 25 8 11 34 30 29 28 6 32 24 33 19 31 35 2 36 4 3 26 1 7 5 21 23 22 10 13 18 14 15 16 17
2 32 13 30 29 28 31 27 25 3 26 17 5 10 12 36 1 7 6 8 33 34 35 9 4 11 14 15 16 18 19 20 21 22 24 23
21 19 10 7 18 16 15 4 8 14 5 1 3 2 6 9 23 22 25 12 13 17 20 24 31 32 33 34 35 36 11 26 27 28 30 29
11 1 3 4 5 6 2 7 9 13 10 12 8 14 16 17 15 18 19 22 23 21 28 30 20 24 25 26 27 29 31 32 33 34 35 36
