SIZE 25
SOLVE_TIME_SEC 0.1706
METHOD SAT
STATUS SOLVED
SOLUTION
1 8 17 11 9 24 15 7 19 10 14 13 6 12 22 5 16 25 18 3 4 2 20 21 23
19 5 14 25 4 6 2 13 12 18 16 23 1 11 9 21 8 7 20 15 24 22 17 10 3
2 23 22 13 16 1 4 11 25 20 19 8 3 21 5 6 14 24 10 17 7 18 15 9 12
7 20 3 15 12 21 8 5 22 14 18 24 17 2 10 1 9 23 4 11 19 25 13 6 16
18 10 6 24 21 16 23 9 3 17 15 7 20 25 4 19 13 12 22 2 8 1 14 11 5
6 14 24 4 10 9 25 2 15 16 12 5 11 19 18 22 21 20 23 1 13 8 3 7 17
23 9 5 1 11 20 7 3 24 12 13 25 14 16 21 17 19 10 6 8 15 4 22 18 2
20 7 19 18 3 17 21 4 23 22 2 10 8 24 15 25 5 11 13 12 16 9 1 14 6
12 25 13 21 15 18 14 8 10 19 6 4 22 1 17 7 2 3 9 16 11 5 23 20 24
8 17 2 16 22 11 5 6 13 1 20 9 7 23 3 24 4 14 15 18 25 12 21 19 10
11 12 8 20 25 15 3 14 5 2 7 19 10 22 16 23 1 21 17 9 6 24 18 13 4
22 15 4 10 5 23 12 1 21 6 3 18 24 14 8 11 25 13 7 19 20 16 2 17 9
3 2 7 23 17 22 11 18 9 25 21 1 13 4 6 16 20 15 12 24 14 10 19 5 8
13 16 21 6 18 10 19 20 17 24 9 11 2 15 23 4 3 8 14 5 12 7 25 1 22
14 1 9 19 24 4 13 16 7 8 25 17 12 5 20 18 10 6 2 22 21 23 11 3 15
16 13 18 2 1 7 10 21 8 23 17 12 19 3 25 9 6 22 11 20 5 15 24 4 14
9 19 12 22 23 5 17 24 14 3 4 20 16 6 13 8 15 18 1 25 10 11 7 2 21
5 21 20 3 14 25 9 19 1 15 24 2 18 8 11 12 7 4 16 10 23 17 6 22 13
15 11 10 17 8 2 6 12 20 4 23 22 21 7 1 13 24 5 19 14 9 3 16 25 18
24 4 25 7 6 13 16 22 18 11 5 15 9 10 14 3 17 2 21 23 1 19 8 12 20
21 24 23 12 13 8 18 15 4 7 22 3 5 9 2 20 11 1 25 6 17 14 10 16 19
4 18 16 9 7 14 22 10 6 5 1 21 25 17 24 15 23 19 3 13 2 20 12 8 11
25 22 1 8 20 12 24 17 2 21 11 14 23 13 19 10 18 16 5 4 3 6 9 15 7
10 6 15 14 19 3 20 25 11 9 8 16 4 18 7 2 12 17 24 21 22 13 5 23 1
17 3 11 5 2 19 1 23 16 13 10 6 15 20 12 14 22 9 8 7 18 21 4 24 25
