SIZE 16
SOLVE_TIME_SEC 0.0088
METHOD SAT
STATUS SOLVED
SOLUTION
7 2 16 5 6 1 12 15 10 4 9 11 8 3 13 14
3 11 6 9 14 16 5 2 1 15 8 13 10 12 7 4
1 13 15 10 7 8 4 9 6 14 3 12 2 5 16 11
14 8 12 4 13 11 10 3 16 5 2 7 15 6 9 1
13 3 5 8 10 4 14 7 15 1 16 6 9 2 11 12
9 10 7 2 11 13 8 1 12 3 5 14 4 16 6 15
6 16 14 11 2 15 3 12 4 8 7 9 5 13 1 10
15 12 4 1 16 5 9 6 13 11 10 2 14 8 3 7
11 4 9 14 12 3 16 5 8 2 13 15 7 1 10 6
10 1 8 13 4 2 7 14 11 9 6 16 12 15 5 3
5 15 2 12 8 6 13 11 3 7 1 10 16 14 4 9
16 6 3 7 15 9 1 10 14 12 4 5 13 11 8 2
8 14 10 3 9 7 11 16 2 13 15 1 6 4 12 5
12 5 11 6 1 10 2 13 9 16 14 4 3 7 15 8
4 9 1 16 5 14 15 8 7 6 12 3 11 10 2 13
2 7 13 15 3 12 6 4 5 10 11 8 1 9 14 16
