SIZE 16
SOLVE_TIME_SEC 0.013325
METHOD Optimized_Backtracking
STATUS SOLVED
SOLUTION
5 2 9 7 8 1 15 14 6 4 13 11 10 3 12 16
11 15 6 16 10 12 5 3 9 14 8 2 1 13 7 4
4 1 13 10 2 6 16 9 3 7 15 12 5 14 8 11
14 8 12 3 13 7 11 4 16 5 10 1 15 9 2 6
10 3 5 8 9 4 6 7 11 1 14 15 16 2 13 12
12 14 7 13 3 15 8 2 4 10 5 16 9 11 6 1
1 6 16 11 5 14 13 12 8 3 2 9 7 15 4 10
15 9 2 4 16 11 1 10 13 6 12 7 14 5 3 8
7 4 10 9 6 3 12 13 15 2 11 5 8 1 16 14
2 13 8 15 14 10 7 16 1 9 6 4 11 12 5 3
3 5 14 12 1 8 2 11 7 13 16 10 6 4 15 9
16 11 1 6 15 9 4 5 14 12 3 8 13 7 10 2
8 7 4 5 11 13 3 6 12 16 1 14 2 10 9 15
9 12 11 1 7 5 10 15 2 8 4 6 3 16 14 13
13 10 15 2 12 16 14 8 5 11 9 3 4 6 1 7
6 16 3 14 4 2 9 1 10 15 7 13 12 8 11 5
