SIZE 36
SOLVE_TIME_SEC 0.8856
METHOD SAT
STATUS SOLVED
SOLUTION
16 10 3 7 23 20 14 12 29 2 21 18 9 1 6 19 34 11 8 24 13 26 32 4 5 27 22 15 30 35 28 17 36 33 31 25
15 5 6 18 31 8 3 1 26 4 27 19 14 10 16 20 22 7 2 29 33 9 11 17 24 21 25 36 13 28 23 12 35 34 30 32
4 19 1 12 25 9 7 16 24 6 35 23 8 2 31 13 5 30 18 3 10 15 36 28 17 33 29 34 32 14 22 11 27 26 20 21
13 28 2 14 21 27 9 8 11 30 25 32 3 17 35 12 33 36 1 34 22 7 5 6 10 18 20 23 26 31 15 4 19 29 16 24
17 29 11 35 24 34 10 15 33 5 36 22 4 26 25 32 28 21 30 20 31 23 27 16 7 19 2 8 12 1 13 3 9 18 14 6
26 33 30 32 22 36 13 31 34 17 28 20 23 29 18 24 27 15 35 19 12 14 25 21 4 6 16 3 11 9 7 8 1 10 2 5
2 11 9 17 8 15 4 3 1 14 13 24 6 5 20 10 31 33 7 30 32 16 21 29 27 26 18 35 36 12 25 23 28 19 34 22
3 12 7 21 28 5 6 32 2 10 9 29 24 19 1 18 4 14 20 26 15 11 17 13 30 23 31 22 34 25 27 33 8 36 35 16
6 1 4 19 26 29 18 5 36 20 34 15 2 35 30 25 11 23 14 31 27 3 24 22 33 7 28 16 17 8 21 13 10 32 9 12
10 13 25 31 27 32 30 19 22 35 26 33 16 3 34 21 36 28 9 2 8 18 23 12 20 29 14 6 24 5 11 1 17 7 15 4
23 20 14 36 34 18 16 7 17 8 31 28 27 32 9 22 12 26 5 35 25 1 19 33 13 11 21 4 15 10 29 30 24 6 3 2
22 35 24 30 16 33 12 11 25 27 23 21 29 13 15 7 8 17 6 28 36 4 10 34 2 3 32 1 9 19 5 14 18 31 26 20
12 3 15 2 5 14 8 4 6 1 22 26 13 20 19 11 10 9 21 36 30 33 16 7 28 24 17 32 25 18 35 31 34 23 27 29
9 6 18 27 13 21 20 10 3 16 11 12 7 30 2 4 26 5 29 15 34 32 31 19 23 35 1 14 8 33 17 36 25 24 22 28
1 4 20 10 29 19 5 30 23 13 7 9 32 34 33 3 17 31 28 25 24 6 12 35 26 36 27 21 22 16 18 15 14 2 8 11
30 22 8 23 33 7 2 35 32 31 24 14 1 25 36 28 16 6 3 17 11 27 9 18 15 20 34 29 5 4 26 19 21 12 13 10
35 26 28 11 17 25 29 36 15 18 33 34 21 23 27 8 24 22 4 14 5 2 20 1 19 12 10 30 31 13 9 6 7 16 32 3
31 16 36 34 32 24 28 25 19 21 17 27 35 18 14 29 15 12 23 13 26 8 22 10 9 2 11 7 6 3 4 20 30 5 1 33
5 8 21 25 7 4 23 27 13 24 2 1 18 33 17 35 3 10 34 6 29 31 15 20 36 30 26 28 19 11 14 16 32 22 12 9
18 2 35 29 1 6 34 28 21 22 20 31 30 36 26 27 13 25 16 8 19 12 33 9 32 17 7 24 14 23 10 5 3 4 11 15
14 27 19 33 36 30 35 29 12 26 3 25 15 16 11 31 23 32 10 7 28 5 4 2 18 22 9 13 20 21 1 24 6 8 17 34
34 31 26 20 3 17 19 6 5 33 32 30 28 9 8 1 7 29 22 11 35 36 14 24 16 15 12 10 4 27 2 18 13 21 25 23
24 15 10 9 11 23 17 18 14 36 16 4 12 6 22 2 19 20 32 1 3 21 13 26 25 8 35 5 33 34 30 28 29 27 7 31
28 32 16 13 12 22 11 9 8 15 10 7 5 4 24 14 21 34 17 23 18 25 30 27 3 1 6 31 2 29 19 26 20 35 33 36
7 14 27 3 2 1 22 20 9 11 18 5 10 8 23 26 30 4 33 12 6 28 29 25 35 32 24 19 16 15 36 34 31 17 21 13
32 30 22 26 20 11 21 2 4 28 29 8 25 31 3 33 1 35 36 27 14 24 18 5 12 34 13 17 7 6 16 9 23 15 10 19
19 23 17 6 10 13 32 26 16 3 30 35 36 24 28 9 29 27 15 4 2 34 1 31 11 25 5 20 21 22 33 7 12 14 18 8
25 21 29 15 9 12 36 33 31 19 14 13 34 22 32 17 20 16 11 10 7 35 3 30 8 4 23 18 1 2 24 27 5 28 6 26
8 34 5 4 35 28 1 24 7 23 6 10 19 12 21 15 2 18 13 16 17 20 26 32 31 14 33 9 27 36 3 22 11 25 29 30
33 36 31 24 18 16 15 34 27 25 12 17 11 7 5 6 14 13 19 9 21 22 8 23 29 28 3 26 10 30 20 32 2 1 4 35
11 7 33 1 4 2 24 21 10 12 5 3 26 15 29 36 9 8 25 18 16 19 6 14 34 31 30 27 23 20 32 35 22 13 28 17
21 18 12 5 6 3 26 17 35 34 1 36 31 14 4 30 32 2 27 33 20 13 28 11 22 16 19 25 29 24 8 10 15 9 23 7
36 9 32 8 19 26 31 14 30 29 4 2 33 27 12 34 35 1 24 22 23 10 7 3 21 13 15 11 28 17 6 25 16 20 5 18
20 17 34 16 15 10 33 23 28 7 19 6 22 21 13 5 25 3 31 32 1 30 35 36 14 9 8 2 18 26 12 29 4 11 24 27
29 25 13 28 30 31 27 22 18 9 8 16 20 11 7 23 6 24 12 5 4 17 2 15 1 10 36 33 35 32 34 21 26 3 19 14
27 24 23 22 14 35 25 13 20 32 15 11 17 28 10 16 18 19 26 21 9 29 34 8 6 5 4 12 3 7 31 2 33 30 36 1
