SIZE 36
SOLVE_TIME_SEC 0.4881
METHOD SAT
STATUS SOLVED
SOLUTION
30 7 34 4 28 2 10 36 21 24 9 27 31 15 23 32 20 29 35 26 25 13 5 1 22 33 11 17 18 14 16 12 19 6 8 3
23 32 35 31 18 27 22 34 20 15 5 4 36 17 13 9 3 25 21 8 33 14 30 10 28 12 16 26 6 19 29 11 24 7 2 1
29 20 19 15 21 13 3 35 25 32 8 28 18 7 16 33 26 6 11 17 12 2 34 36 24 30 10 1 5 9 23 22 31 14 27 4
9 26 16 24 17 22 33 29 12 31 19 1 21 14 30 11 35 8 7 23 27 18 3 6 34 36 4 25 20 2 28 13 32 15 10 5
1 11 10 36 33 12 23 18 14 16 30 6 19 22 2 27 5 28 24 32 4 31 15 9 29 8 21 3 13 7 34 26 35 25 17 20
5 6 25 8 14 3 13 26 7 11 2 17 34 24 4 1 12 10 29 22 20 19 28 16 35 31 23 27 32 15 36 30 9 33 18 21
26 34 21 10 36 18 20 27 35 19 16 24 33 32 15 14 28 13 23 30 31 5 6 25 17 22 12 9 7 3 11 4 29 8 1 2
20 23 14 33 31 35 36 15 34 17 11 30 5 27 21 26 25 3 22 24 2 28 4 8 18 29 19 32 1 13 7 6 12 9 16 10
22 9 30 32 16 15 25 21 31 23 28 26 29 19 35 20 6 12 27 36 34 3 1 7 2 10 24 4 11 8 17 18 5 13 33 14
12 29 6 27 25 28 18 33 1 4 32 8 17 34 31 36 7 2 13 10 11 9 14 15 21 35 26 5 23 16 3 24 30 20 19 22
19 5 8 11 2 24 29 6 13 10 7 3 22 1 9 18 16 4 33 35 32 12 20 17 36 14 30 15 28 27 21 31 34 26 25 23
7 4 13 17 3 1 9 14 2 22 12 5 23 30 24 10 8 11 26 29 16 21 18 19 33 34 31 6 25 20 35 36 15 27 28 32
31 35 36 16 15 17 32 20 33 30 24 29 27 21 28 22 23 26 34 11 1 10 25 14 19 13 3 12 8 18 4 5 6 2 7 9
32 33 24 18 27 30 19 23 22 26 17 21 25 20 12 34 29 31 28 3 35 36 7 13 6 9 5 2 16 4 10 8 11 1 14 15
21 22 26 20 23 29 34 25 28 27 36 31 32 10 33 35 30 18 6 2 9 4 8 5 1 11 14 7 15 24 12 17 13 19 3 16
25 28 7 12 13 34 6 5 15 3 14 16 8 11 1 4 2 9 19 33 29 32 31 30 10 21 36 35 26 17 22 23 18 24 20 27
10 19 9 6 11 14 35 4 8 2 1 18 3 5 7 24 13 16 12 15 23 27 17 21 30 20 32 22 34 33 25 29 36 31 26 28
2 8 3 1 4 5 7 10 9 12 13 11 6 36 19 17 15 14 16 18 26 24 22 20 25 23 29 31 27 28 30 32 21 35 34 33
24 21 33 22 34 36 16 17 32 18 20 19 26 23 25 30 31 35 15 27 7 29 13 28 14 6 9 11 12 10 5 1 2 3 4 8
18 16 17 26 19 20 21 22 24 34 23 25 15 29 27 28 32 33 9 14 30 35 36 31 4 1 2 8 3 5 6 10 7 12 13 11
6 25 28 23 32 31 27 30 29 35 26 33 2 8 36 3 34 24 10 12 5 1 11 4 20 7 13 19 21 22 15 16 14 18 9 17
27 30 29 35 1 4 14 2 36 28 31 12 7 9 10 13 11 5 25 6 3 8 33 34 15 16 18 24 17 32 20 19 23 21 22 26
13 10 15 14 12 11 5 8 6 7 3 9 1 4 17 19 21 22 2 16 18 20 32 23 27 26 35 36 33 34 24 28 25 30 31 29
3 2 5 7 9 8 4 1 11 13 10 15 16 6 14 12 18 20 17 19 24 26 21 22 23 28 25 30 31 29 33 35 27 36 32 34
16 14 23 28 30 33 31 19 17 20 21 22 35 26 32 25 27 15 36 34 13 11 2 29 8 24 7 10 9 12 18 3 1 4 5 6
17 13 22 19 20 21 26 32 23 36 29 35 24 16 18 31 33 34 30 28 15 25 27 3 5 4 1 14 2 6 9 7 8 10 11 12
35 31 27 25 24 26 8 12 3 1 33 34 9 28 29 2 36 30 4 5 6 7 10 32 11 18 20 21 22 23 13 14 17 16 15 19
34 36 32 29 7 10 30 28 27 25 18 14 11 3 6 5 4 1 31 9 8 33 12 35 13 15 17 16 19 26 2 21 20 22 23 24
15 18 12 3 8 9 11 7 4 5 6 2 10 13 20 21 22 23 14 1 17 16 19 24 31 32 34 33 36 35 27 25 26 28 29 30
4 1 11 2 5 6 24 13 16 9 15 10 14 12 8 7 19 17 18 20 21 22 23 26 3 25 27 28 29 30 31 34 33 32 36 35
36 17 20 34 35 25 2 24 18 21 22 23 28 33 26 15 14 27 32 31 19 30 29 12 16 3 8 13 10 11 1 9 4 5 6 7
14 24 18 21 22 23 15 16 19 33 35 36 30 31 34 29 9 32 3 25 28 17 26 27 7 5 6 20 4 1 8 2 10 11 12 13
33 27 2 13 26 32 28 31 30 29 34 20 4 35 3 8 1 36 5 7 10 6 9 11 12 19 22 23 24 25 14 15 16 17 21 18
28 3 31 30 29 16 12 11 26 8 27 32 13 2 5 6 10 7 1 4 36 34 35 33 9 17 15 18 14 21 19 20 22 23 24 25
11 12 1 9 10 19 17 3 5 6 4 7 20 25 22 23 24 21 8 13 14 15 16 18 32 2 33 34 35 36 26 27 28 29 30 31
8 15 4 5 6 7 1 9 10 14 25 13 12 18 11 16 17 19 20 21 22 23 24 2 26 27 28 29 30 31 32 33 3 34 35 36
