SIZE 16
SOLVE_TIME_SEC 30.864307
METHOD Optimized_Backtracking
SOLUTION
15 7 10 6 3 11 4 9 13 12 8 2 14 5 16 1
5 4 11 9 16 14 13 15 6 10 1 3 8 12 2 7
2 3 8 1 10 5 6 12 15 7 14 16 11 13 4 9
12 14 13 16 7 8 1 2 5 9 11 4 3 15 10 6
9 5 12 3 8 15 16 7 1 6 4 14 10 11 13 2
6 16 14 10 9 1 3 5 11 2 13 12 15 7 8 4
11 8 15 7 4 13 2 14 10 3 9 5 12 6 1 16
13 1 4 2 11 12 10 6 16 15 7 8 5 9 14 3
4 6 2 12 5 10 9 11 8 13 3 1 16 14 7 15
7 9 1 5 14 3 15 13 4 16 12 6 2 10 11 8
8 10 16 13 6 2 12 4 14 11 15 7 1 3 9 5
14 11 3 15 1 16 7 8 2 5 10 9 13 4 6 12
3 15 9 14 13 6 8 16 7 1 5 11 4 2 12 10
1 2 6 11 15 9 14 3 12 4 16 10 7 8 5 13
10 12 5 4 2 7 11 1 3 8 6 13 9 16 15 14
16 13 7 8 12 4 5 10 9 14 2 15 6 1 3 11
