SIZE 36
SOLVE_TIME_SEC 0.4754
METHOD SAT
STATUS SOLVED
SOLUTION
30 27 17 1 5 25 15 4 11 18 31 34 3 10 2 35 29 8 20 24 28 26 33 6 14 23 13 21 36 16 19 7 22 12 32 9
10 4 11 19 24 32 12 14 5 28 36 6 26 16 18 30 9 13 22 21 17 25 1 15 8 20 31 29 27 7 23 33 34 2 35 3
15 29 16 2 22 34 10 32 9 13 33 27 7 14 20 19 31 21 23 30 36 11 35 4 17 3 12 24 1 5 18 26 6 25 8 28
23 12 26 7 33 9 30 3 21 2 29 35 24 17 15 27 28 36 34 8 16 13 32 10 19 11 22 18 25 6 4 1 14 31 20 5
21 35 31 20 8 14 7 24 26 1 22 25 34 33 32 23 4 6 12 18 29 19 3 5 30 28 9 10 2 15 17 13 27 36 16 11
36 3 13 28 18 6 23 8 19 16 20 17 22 12 25 5 11 1 2 27 31 9 14 7 35 32 34 33 26 4 29 24 30 10 21 15
7 15 10 24 11 31 33 5 35 22 19 14 27 21 28 16 34 17 30 6 26 32 20 2 29 1 36 13 4 8 25 12 3 23 9 18
4 18 14 35 26 5 16 27 34 6 21 12 30 29 10 20 24 19 36 28 8 31 7 9 3 25 23 11 33 22 32 2 1 13 15 17
6 21 30 25 27 33 17 20 18 10 28 31 13 35 4 12 36 32 29 1 3 23 15 11 2 16 24 5 7 9 22 8 26 19 14 34
29 17 34 23 20 16 4 1 36 15 26 3 2 9 8 25 33 7 27 14 22 35 5 13 18 31 32 19 12 21 28 11 24 30 10 6
19 1 36 13 9 2 29 30 32 25 8 11 23 22 26 18 6 3 4 34 24 16 12 21 28 10 15 27 14 17 35 31 7 33 5 20
12 22 28 3 32 8 13 23 24 7 9 2 14 11 31 1 15 5 25 33 19 10 18 17 34 30 35 6 20 26 36 29 4 16 27 21
27 19 29 30 17 24 22 16 28 12 23 10 21 7 34 31 32 18 33 35 4 2 26 1 11 36 25 20 13 14 15 5 9 6 3 8
13 33 32 4 1 26 27 31 15 20 11 18 29 24 30 28 22 23 6 25 14 36 8 16 9 12 5 17 3 2 10 34 21 35 7 19
28 23 15 34 12 22 32 21 3 30 24 33 19 5 27 36 25 35 17 31 11 7 9 29 6 18 1 26 8 10 16 20 13 14 2 4
35 31 21 36 10 11 2 13 6 29 4 8 9 3 33 26 12 14 28 20 30 5 34 32 16 22 7 15 19 27 1 17 18 24 25 23
3 14 2 9 16 20 1 36 17 5 25 7 8 6 11 15 10 4 13 12 18 24 19 22 23 29 21 35 34 33 27 30 31 32 28 26
25 5 6 8 7 18 34 26 14 19 35 9 17 13 1 2 20 16 3 15 10 27 21 23 24 4 30 31 32 28 11 36 12 22 33 29
18 20 24 31 23 15 28 22 12 27 16 19 33 36 35 32 30 29 10 4 9 8 11 14 21 26 17 7 6 13 34 25 5 3 1 2
26 34 19 27 25 30 21 33 1 31 15 24 28 23 22 17 16 12 32 36 35 18 29 3 5 2 10 4 9 20 7 6 11 8 13 14
2 11 33 14 21 29 36 35 30 32 34 20 25 4 9 24 26 27 5 13 7 6 28 31 1 8 18 3 22 23 12 16 17 15 19 10
5 28 35 32 36 4 18 10 25 17 7 29 6 1 3 8 13 31 24 26 33 12 2 34 15 14 11 30 16 19 9 21 23 20 22 27
22 7 12 16 13 17 9 6 23 8 3 5 10 18 14 11 21 2 1 19 25 15 30 20 33 35 27 36 28 34 24 4 29 26 31 32
8 10 9 6 3 1 11 2 4 14 13 26 5 20 7 34 19 15 16 17 23 21 22 27 25 24 29 12 31 32 30 35 36 28 18 33
24 30 5 21 29 13 35 28 33 34 18 23 20 32 17 10 3 26 15 22 27 14 6 8 36 9 16 25 11 12 31 19 2 7 4 1
31 32 22 18 34 23 19 7 13 24 17 30 16 27 36 14 35 33 21 29 20 28 25 26 4 6 2 1 15 3 5 10 8 9 11 12
33 9 1 26 6 35 25 11 27 36 10 32 31 28 12 29 8 34 7 5 2 3 4 30 20 21 19 22 23 24 13 14 15 18 17 16
11 2 27 12 19 28 26 9 29 4 5 16 15 25 6 7 1 30 31 32 34 33 36 35 10 13 8 14 17 18 3 22 20 21 23 24
14 8 7 10 15 36 6 12 20 3 2 1 4 19 21 22 23 24 11 9 13 17 16 18 31 34 33 32 5 35 26 28 25 27 29 30
16 25 20 17 4 3 8 15 31 21 14 22 18 2 13 9 5 11 19 10 12 1 23 24 27 7 26 28 29 30 6 32 33 34 36 35
32 24 18 22 35 21 31 25 8 33 30 15 36 34 29 3 27 28 14 16 1 20 13 12 26 17 4 9 10 11 2 23 19 5 6 7
34 26 25 29 30 19 20 17 16 23 32 36 35 31 24 33 14 22 18 3 15 4 27 28 7 5 6 2 21 1 8 9 10 11 12 13
9 36 4 11 28 27 3 29 2 35 6 21 1 26 5 13 18 10 8 7 32 30 31 33 12 19 20 23 24 25 14 15 16 17 34 22
17 6 8 33 31 12 5 19 22 26 27 28 11 30 23 4 7 9 35 2 21 34 10 36 13 15 14 16 18 29 20 3 32 1 24 25
20 13 23 15 14 10 24 18 7 9 1 4 12 8 16 6 2 25 26 11 5 22 17 19 32 33 3 34 35 36 21 27 28 29 30 31
1 16 3 5 2 7 14 34 10 11 12 13 32 15 19 21 17 20 9 23 6 29 24 25 22 27 28 8 30 31 33 18 35 4 26 36
