SIZE 16
SOLVE_TIME_SEC 0.0118
METHOD SAT
STATUS SOLVED
SOLUTION
1 7 12 16 2 8 13 5 3 10 14 6 4 11 15 9
4 5 14 10 15 6 16 11 12 7 13 9 2 8 1 3
2 8 9 15 7 1 10 3 4 16 11 5 6 14 12 13
11 3 6 13 12 9 4 14 8 1 2 15 7 5 10 16
5 2 4 11 9 15 7 6 13 8 10 3 1 16 14 12
12 6 16 9 5 10 3 13 11 14 4 1 15 2 8 7
14 13 7 1 16 4 11 8 2 5 15 12 10 9 3 6
3 15 10 8 14 2 1 12 7 6 9 16 11 13 5 4
9 4 15 14 13 11 6 10 1 12 8 7 5 3 16 2
13 10 3 5 4 14 8 7 15 2 16 11 12 6 9 1
8 16 11 6 1 12 15 2 5 9 3 14 13 4 7 10
7 1 2 12 3 5 9 16 10 13 6 4 14 15 11 8
15 12 1 7 11 13 2 9 6 3 5 8 16 10 4 14
16 9 5 2 6 3 12 4 14 15 7 10 8 1 13 11
6 11 8 3 10 7 14 15 16 4 1 13 9 12 2 5
10 14 13 4 8 16 5 1 9 11 12 2 3 7 6 15
