SIZE 36
SOLVE_TIME_SEC 0.7105
METHOD SAT
STATUS SOLVED
SOLUTION
8 2 21 6 11 14 19 28 7 24 4 26 36 5 35 3 10 27 23 18 30 25 9 1 15 13 20 12 16 32 22 33 34 31 17 29
4 16 22 9 13 1 12 17 3 35 11 33 31 15 23 30 29 14 21 27 19 28 7 6 8 24 25 5 18 34 36 2 10 32 26 20
29 7 12 36 23 5 2 10 14 18 6 8 13 17 33 4 24 19 16 34 20 32 22 31 35 26 27 30 11 3 28 1 25 21 15 9
31 35 3 20 24 26 9 15 23 27 16 25 34 32 11 2 7 18 36 17 33 29 5 4 22 28 21 19 10 1 30 13 6 12 14 8
34 33 27 19 10 32 31 1 22 36 21 30 20 16 26 25 28 9 12 15 11 13 8 2 29 23 14 17 7 6 35 18 4 24 3 5
15 30 18 25 17 28 32 5 13 20 34 29 6 1 21 8 12 22 26 35 3 24 10 14 36 4 9 31 2 33 7 23 16 11 19 27
16 8 23 7 3 31 34 12 18 2 13 28 22 6 20 27 35 17 29 36 15 30 32 5 19 21 33 24 25 14 11 4 9 10 1 26
35 22 13 33 28 17 23 11 9 21 1 14 8 36 5 18 3 24 34 20 31 16 27 19 10 30 26 32 4 7 2 12 15 29 25 6
36 27 11 1 14 12 29 3 24 22 8 4 7 30 34 10 32 21 28 25 35 18 26 13 23 17 6 9 15 2 33 5 31 19 20 16
20 6 2 26 32 34 36 35 31 19 30 7 4 12 1 29 15 25 24 33 9 22 11 10 3 16 5 13 28 27 17 8 18 14 23 21
19 15 30 4 25 10 5 16 32 6 27 17 33 9 31 13 26 2 14 23 8 1 3 21 18 29 36 11 20 12 34 35 24 7 28 22
5 29 24 21 9 18 20 33 26 15 25 10 19 23 16 14 11 28 2 4 7 12 6 17 1 34 31 8 22 35 13 36 32 30 27 3
1 14 16 30 21 19 24 18 34 25 20 23 28 22 29 31 9 7 35 5 26 27 33 3 17 8 12 6 13 15 32 10 2 36 11 4
26 23 4 17 34 35 14 29 15 28 5 2 1 18 30 19 6 3 25 11 32 10 31 8 16 36 24 33 27 20 9 22 21 13 7 12
6 11 31 28 2 33 27 32 35 3 19 21 23 24 25 16 36 20 30 12 13 9 34 29 7 5 10 22 26 4 14 17 1 18 8 15
12 25 36 32 29 27 6 30 1 31 7 22 35 10 13 11 33 8 4 28 18 14 17 15 34 2 19 23 9 21 16 3 20 26 5 24
9 13 20 24 22 3 26 8 12 10 33 11 32 4 15 21 17 5 7 19 23 2 36 16 14 35 29 1 31 18 27 25 30 6 34 28
7 18 10 5 15 8 13 36 4 9 17 16 12 14 27 26 2 34 6 24 1 20 21 22 32 25 11 3 30 28 19 29 23 35 31 33
25 20 34 18 26 21 35 22 16 29 2 15 17 33 32 6 13 1 5 30 12 3 19 7 28 31 23 27 14 11 4 24 36 8 9 10
32 36 35 29 7 23 17 9 21 33 24 31 30 19 28 20 16 12 15 1 25 26 18 27 4 6 2 10 8 22 5 34 11 3 13 14
24 1 14 10 31 4 25 23 19 30 28 32 27 35 36 22 34 29 9 8 6 11 2 33 5 3 13 20 21 26 12 16 7 15 18 17
28 12 33 2 30 11 7 14 6 4 10 27 24 8 3 9 5 31 13 29 36 35 23 34 25 15 17 18 1 16 21 19 26 20 22 32
22 19 15 13 8 16 11 34 5 1 3 12 25 2 18 7 21 26 10 31 17 4 14 20 33 9 35 36 32 24 23 28 29 27 6 30
27 9 17 3 5 6 18 20 8 13 26 36 14 11 10 15 23 4 32 16 22 21 28 24 12 19 30 7 34 29 25 31 35 1 33 2
33 26 7 35 1 29 28 24 17 16 23 19 15 20 4 36 22 13 11 2 5 31 30 9 27 10 18 14 6 8 3 32 12 25 21 34
18 17 25 23 19 13 30 21 27 32 36 35 16 29 14 24 31 33 1 22 34 15 20 28 26 12 4 2 3 5 6 7 8 9 10 11
10 34 9 11 36 30 33 4 29 5 31 18 26 27 2 28 8 35 3 6 24 7 12 32 20 1 22 21 23 25 15 14 13 17 16 19
21 28 6 8 27 24 10 25 11 26 12 3 5 34 9 1 30 32 33 13 14 36 29 35 31 7 16 15 19 17 18 20 22 4 2 23
3 31 32 22 20 15 8 7 2 14 9 6 11 21 19 12 25 23 27 10 16 17 4 18 13 33 34 35 36 30 24 26 5 28 29 1
14 4 5 12 16 2 15 13 20 34 22 1 3 7 6 17 18 10 19 26 21 8 25 23 24 11 32 28 29 9 31 30 27 33 36 35
2 32 1 34 33 36 3 26 30 23 18 24 29 31 22 35 20 15 17 9 28 19 16 11 21 27 8 25 12 13 10 6 14 5 4 7
23 24 29 31 35 22 16 19 33 11 14 34 21 25 17 32 1 36 20 7 27 6 15 26 30 18 3 4 5 10 8 9 28 2 12 13
13 10 8 27 12 25 21 31 36 17 35 5 9 3 7 34 4 6 22 14 2 33 1 30 11 20 28 26 24 23 29 15 19 16 32 18
11 5 26 14 4 7 1 2 28 12 29 9 18 13 8 33 27 30 31 32 10 34 35 36 6 22 15 16 17 19 20 21 3 23 24 25
17 21 19 16 18 9 4 6 25 7 15 20 10 28 24 23 14 11 8 3 29 5 13 12 2 32 1 34 35 36 26 27 33 22 30 31
30 3 28 15 6 20 22 27 10 8 32 13 2 26 12 5 19 16 18 21 4 23 24 25 9 14 7 29 33 31 1 11 17 34 35 36
