SIZE 25
SOLVE_TIME_SEC 0.0810
METHOD SAT
STATUS SOLVED
SOLUTION
17 8 15 4 23 25 21 11 2 14 13 12 22 16 10 18 5 1 20 19 6 3 24 9 7
13 3 24 12 6 18 15 19 16 5 2 17 7 11 4 8 14 23 9 25 20 10 22 1 21
20 16 18 7 11 23 3 10 12 8 6 24 19 9 1 22 21 4 15 13 17 14 2 25 5
19 10 14 22 25 24 1 17 20 9 8 21 23 5 3 11 7 6 12 2 13 15 16 18 4
21 9 2 1 5 22 7 13 6 4 15 14 20 18 25 10 24 17 16 3 23 19 8 11 12
6 22 11 9 16 14 23 18 17 21 19 3 10 20 2 15 13 25 4 24 8 7 5 12 1
18 12 23 20 14 8 13 4 15 10 17 22 24 21 7 1 16 19 2 5 25 9 11 6 3
25 21 8 13 7 12 20 24 19 2 11 16 18 1 5 9 23 22 3 6 4 17 10 15 14
10 24 19 15 3 6 5 22 1 16 4 9 8 25 13 14 12 11 17 7 2 21 20 23 18
2 17 4 5 1 11 9 3 25 7 14 15 12 23 6 21 10 20 18 8 16 24 13 19 22
24 13 20 14 22 16 11 1 10 19 23 18 17 15 21 2 25 12 5 4 7 6 9 3 8
12 19 3 18 17 21 22 23 14 15 24 20 25 7 8 13 9 16 6 11 5 4 1 2 10
9 1 5 23 21 7 8 25 24 18 16 2 6 4 19 20 3 14 22 10 12 11 15 17 13
11 7 25 8 10 9 4 2 3 6 5 1 13 22 12 24 17 15 23 18 14 20 21 16 19
4 15 6 16 2 13 12 20 5 17 10 11 9 3 14 7 8 21 19 1 24 25 18 22 23
22 23 21 19 12 15 17 8 11 24 18 10 1 14 20 16 6 13 7 9 3 5 25 4 2
16 18 17 11 24 5 25 21 13 20 22 7 3 19 23 4 15 2 14 12 10 1 6 8 9
7 6 9 25 20 19 18 16 22 23 21 4 5 2 24 3 1 10 8 17 11 12 14 13 15
5 14 13 2 8 1 10 7 4 3 9 6 11 12 15 19 22 24 25 23 18 16 17 21 20
3 4 1 10 15 2 14 6 9 12 25 13 16 8 17 5 11 18 21 20 19 22 23 7 24
8 25 22 24 18 10 16 15 7 13 20 23 21 17 9 12 19 3 11 14 1 2 4 5 6
1 20 12 21 9 17 24 14 18 25 3 19 2 6 22 23 4 5 13 16 15 8 7 10 11
23 11 7 17 19 3 2 5 21 22 1 25 4 24 18 6 20 8 10 15 9 13 12 14 16
14 5 16 3 13 4 6 12 23 1 7 8 15 10 11 25 2 9 24 22 21 18 19 20 17
15 2 10 6 4 20 19 9 8 11 12 5 14 13 16 17 18 7 1 21 22 23 3 24 25
