SIZE 25
SOLVE_TIME_SEC 1.007219
METHOD Optimized_Backtracking
STATUS SOLVED
SOLUTION
6 9 3 11 12 13 2 14 1 15 16 19 8 20 4 7 17 21 18 22 23 5 24 25 10
8 16 2 18 23 6 5 7 4 9 13 14 24 25 1 10 11 12 15 20 17 3 21 22 19
15 17 7 24 25 18 8 19 10 20 21 22 3 23 5 2 13 14 1 16 9 4 11 12 6
4 20 10 21 22 23 16 24 17 25 11 12 9 18 7 6 3 8 5 19 13 1 14 15 2
1 13 5 14 19 11 3 12 21 22 6 10 17 15 2 9 23 24 4 25 16 7 18 20 8
14 22 8 12 9 2 19 5 20 6 15 16 11 7 3 24 25 10 23 13 21 18 17 4 1
3 5 11 23 1 15 4 17 9 8 12 18 25 2 6 14 19 16 7 21 22 10 20 13 24
20 7 4 13 15 12 24 25 23 16 17 21 14 9 10 5 22 18 2 1 3 6 19 8 11
18 25 17 10 24 14 21 13 22 7 19 20 1 4 8 11 6 3 12 15 5 9 23 2 16
19 2 6 16 21 1 10 3 11 18 24 23 22 5 13 20 4 17 9 8 14 12 25 7 15
21 24 13 4 2 19 15 16 6 17 7 25 18 1 22 12 9 11 3 23 8 20 10 14 5
22 18 1 3 8 25 20 9 14 2 5 17 19 10 12 15 21 13 6 7 11 24 16 23 4
25 23 16 20 6 3 12 10 8 21 4 11 13 24 15 17 2 22 14 5 1 19 9 18 7
11 10 19 5 17 22 1 4 7 13 8 9 23 21 14 16 24 25 20 18 6 15 2 3 12
12 14 9 15 7 24 18 11 5 23 20 6 2 3 16 19 8 1 10 4 25 17 22 21 13
24 12 18 25 10 16 22 1 15 14 23 13 6 11 17 4 20 9 8 2 19 21 7 5 3
2 11 22 7 3 21 17 20 19 24 25 1 10 12 18 13 5 15 16 14 4 23 8 6 9
5 19 21 8 16 9 7 23 2 10 22 15 4 14 20 3 1 6 17 12 24 25 13 11 18
23 15 20 9 13 4 6 8 25 11 3 2 5 16 19 21 18 7 22 24 12 14 1 10 17
17 6 14 1 4 5 13 18 12 3 9 24 7 8 21 23 10 19 25 11 2 22 15 16 20
16 1 23 17 14 8 25 15 18 19 10 4 20 6 9 22 12 2 13 3 7 11 5 24 21
7 3 15 22 20 17 23 2 24 12 18 5 21 13 11 25 16 4 19 9 10 8 6 1 14
10 4 24 2 11 20 14 6 3 5 1 7 16 19 25 8 15 23 21 17 18 13 12 9 22
9 21 12 6 18 7 11 22 13 4 2 8 15 17 23 1 14 5 24 10 20 16 3 19 25
13 8 25 19 5 10 9 21 16 1 14 3 12 22 24 18 7 20 11 6 15 2 4 17 23
