SIZE 16
SOLVE_TIME_SEC 0.005887
METHOD Optimized_Backtracking
STATUS SOLVED
SOLUTION
13 7 2 4 1 15 11 12 5 16 3 10 9 14 6 8
12 14 3 1 8 2 5 16 11 6 15 9 13 10 7 4
5 8 15 10 9 6 3 13 4 12 7 14 1 2 11 16
9 6 11 16 7 10 14 4 1 2 13 8 5 3 15 12
2 13 8 12 14 11 4 5 10 7 1 16 6 15 3 9
15 1 7 14 10 13 6 8 3 9 2 4 16 5 12 11
11 10 4 6 3 7 16 9 13 5 12 15 2 1 8 14
16 5 9 3 2 1 12 15 6 8 14 11 10 4 13 7
10 4 13 8 6 12 9 1 2 15 16 7 14 11 5 3
3 9 14 7 16 5 15 11 8 1 10 6 12 13 4 2
6 2 12 15 13 3 8 10 14 11 4 5 7 9 16 1
1 16 5 11 4 14 2 7 12 13 9 3 8 6 10 15
4 12 10 9 5 8 7 2 15 3 6 1 11 16 14 13
7 3 16 5 12 4 1 14 9 10 11 13 15 8 2 6
8 11 6 2 15 9 13 3 16 14 5 12 4 7 1 10
14 15 1 13 11 16 10 6 7 4 8 2 3 12 9 5
