SIZE 16
SOLVE_TIME_SEC 0.0086
METHOD SAT
STATUS SOLVED
SOLUTION
13 10 3 6 1 15 11 12 5 4 14 16 9 8 7 2
12 14 8 4 5 2 7 13 15 6 11 9 16 10 1 3
9 2 15 5 8 16 3 6 12 10 7 1 13 4 11 14
11 7 1 16 9 10 14 4 3 2 13 8 5 15 6 12
2 16 13 15 14 7 4 11 10 3 8 5 6 12 9 1
8 1 10 14 12 13 6 2 4 9 16 7 15 5 3 11
7 11 4 9 3 1 16 5 6 15 12 14 10 2 8 13
5 12 6 3 10 8 9 15 1 13 2 11 4 16 14 7
10 8 5 7 6 4 1 3 2 16 15 13 14 11 12 9
3 9 16 2 11 5 15 14 7 1 10 12 8 13 4 6
1 15 12 13 2 9 8 10 14 11 4 6 3 7 16 5
6 4 14 11 16 12 13 7 8 5 9 3 2 1 10 15
14 13 7 10 15 11 2 9 16 12 6 4 1 3 5 8
15 3 9 12 4 14 5 16 11 8 1 2 7 6 13 10
16 6 2 8 7 3 12 1 13 14 5 10 11 9 15 4
4 5 11 1 13 6 10 8 9 7 3 15 12 14 2 16
7111931364449606975838610110611011612613714615115717017117919019220220922122323424024525926327528328829130231032132433034334935936437638239039440041141342443044044645045946847748648949450251551952953254254755656256857458459160260961461963163364464866066567467768869270171272072573173974575175977277878479380180780982382483584585185486387187988589389791091691992893794695195696597498098899310051013101810271030103610461052105810711083109611041120113611461152117011891198120712181229124412591274129212951314132913351356136213841392140314111425144214541473148415011506151615341545155515761580160216161622163916531665168316871699171317321736175917651782179318071818182918511862187618801904