SIZE 16
SOLVE_TIME_SEC 0.0092
METHOD SAT
STATUS SOLVED
SOLUTION
3 10 6 8 7 13 12 9 11 14 16 1 15 5 2 4
5 4 15 13 10 8 14 1 2 12 6 3 9 16 11 7
14 11 1 16 2 3 5 4 8 15 9 7 6 10 13 12
12 9 7 2 16 15 11 6 5 13 4 10 1 3 8 14
7 1 14 9 3 16 8 12 15 10 2 5 11 6 4 13
13 8 2 11 5 4 10 15 6 16 7 9 14 12 3 1
10 12 5 15 14 6 1 7 4 3 13 11 16 2 9 8
16 3 4 6 9 11 13 2 12 1 8 14 7 15 5 10
15 2 10 1 11 5 16 8 7 4 12 13 3 9 14 6
6 16 9 3 1 12 2 13 10 8 14 15 5 4 7 11
4 7 13 12 6 14 9 3 16 11 5 2 10 8 1 15
11 5 8 14 15 7 4 10 3 9 1 6 12 13 16 2
2 13 16 7 12 9 6 11 14 5 10 8 4 1 15 3
9 14 11 10 13 2 15 16 1 6 3 4 8 7 12 5
8 6 12 5 4 1 3 14 13 7 15 16 2 11 10 9
1 15 3 4 8 10 7 5 9 2 11 12 13 14 6 16
