SIZE 25
SOLVE_TIME_SEC 0.0522
METHOD SAT
STATUS SOLVED
SOLUTION
16 5 3 10 8 17 24 23 12 13 7 11 14 25 6 20 19 2 18 22 4 21 15 9 1
24 17 21 25 2 22 3 11 4 5 15 12 13 9 18 23 8 14 1 7 10 20 16 6 19
15 12 11 13 1 20 10 6 7 14 19 22 21 23 5 25 9 17 4 16 18 24 8 3 2
22 4 20 23 7 19 16 18 15 9 1 10 24 8 2 6 21 12 11 3 13 25 14 17 5
18 9 19 6 14 8 25 2 21 1 16 20 17 3 4 24 13 15 10 5 23 7 22 11 12
17 19 8 24 10 11 12 25 13 15 21 18 5 20 3 22 14 4 23 1 16 9 6 2 7
23 11 12 21 25 18 22 20 9 8 17 15 16 4 7 10 3 13 2 6 19 14 5 1 24
20 18 22 7 16 23 19 14 17 2 24 25 6 1 10 9 12 21 5 15 8 4 3 13 11
4 13 15 14 3 24 21 5 1 6 2 19 9 12 8 11 25 16 7 18 20 23 17 22 10
2 6 9 1 5 16 4 10 3 7 14 23 22 13 11 19 20 24 17 8 25 12 21 18 15
12 24 13 20 9 21 5 16 25 17 23 1 19 18 22 14 10 11 3 4 6 15 2 7 8
11 16 17 19 22 10 23 15 14 18 20 8 25 21 24 13 2 7 6 9 3 5 1 12 4
25 23 14 18 21 2 20 24 22 19 3 6 4 7 15 8 5 1 12 17 9 10 11 16 13
8 7 10 2 15 13 1 3 6 4 9 5 11 17 12 16 24 25 22 23 14 19 20 21 18
6 1 5 3 4 9 8 7 11 12 10 16 2 14 13 18 15 20 21 19 24 17 25 23 22
9 10 18 22 23 14 17 13 16 20 25 24 15 19 21 2 11 6 8 12 5 1 7 4 3
21 20 16 11 17 25 15 12 19 24 18 4 3 22 23 7 1 5 14 13 2 6 10 8 9
5 25 24 15 19 7 18 21 23 22 8 2 1 6 20 3 4 9 16 10 11 13 12 14 17
13 14 7 8 12 4 6 1 2 3 5 9 10 11 17 21 23 22 25 24 15 16 18 19 20
3 2 1 4 6 5 9 8 10 11 12 13 7 16 14 15 17 18 19 20 21 22 24 25 23
7 8 23 9 24 15 14 17 18 25 22 21 20 2 19 12 16 10 13 11 1 3 4 5 6
19 21 25 16 20 12 13 22 24 23 11 17 18 5 1 4 6 3 15 2 7 8 9 10 14
10 22 6 17 18 1 2 19 20 21 4 3 23 24 25 5 7 8 9 14 12 11 13 15 16
14 15 2 12 13 3 11 4 5 16 6 7 8 10 9 1 22 23 24 25 17 18 19 20 21
1 3 4 5 11 6 7 9 8 10 13 14 12 15 16 17 18 19 20 21 22 2 23 24 25
